8.613210 65875
11.957836 90773
2.423304 9686
13.963506 92028
10.767697 79121
3.599233 19598
4.968188 34477
4.775950 27225
14.616799 71287
7.800047 62745
11.135199 70288
12.723630 84977
15.655358 91914
9.183608 58582
13.104158 93634
13.043368 79244
9.115318 59098
6.428328 45976
18.244057 96033
14.427324 74080
13.659162 87763
11.223226 64536
12.253890 81729
8.343208 59637
13.286923 95948
7.341755 47595
5.821219 44338
3.892918 24057
14.087848 77927
11.053488 67881
8.983476 61997
13.807583 70968
6.694383 37398
9.794270 77402
2.565411 18397
5.388980 29255
13.095079 71913
2.857123 26620
7.552151 38448
12.771393 76842
11.210199 58257
12.432313 73323
3.873576 27114
10.022429 56164
17.940108 89516
14.222060 85753
7.985574 51428
10.517038 76087
11.013620 61977
10.593222 59530
10.470853 67860
4.119498 23292
12.820341 86420
15.601673 97104
15.750884 95847
11.646387 80005
15.051407 96317
16.794180 97428
12.387312 93951
14.833906 98533
7.853731 75868
3.787523 21324
15.583910 100248
8.042022 49414
14.302192 72355
13.931137 77183
3.729102 19709
11.157305 78219
12.450075 96209
8.990580 71325
11.769545 77150
16.635496 82569
17.046813 88272
13.295212 90786
10.742434 52296
10.373352 59799
14.568246 93852
8.255182 46185
13.705346 76641
5.786482 34199
8.585183 59969
0.911453 8075
12.726393 80546
8.089786 53056
8.939659 62371
14.331797 89746
11.239805 83485
16.758654 99715
7.576624 39515
10.132956 73986
13.050079 100417
11.358621 87355
10.223351 72178
11.322306 65942
13.387187 68160
10.167298 63316
14.020743 93390
9.765849 57013
8.079917 39336
15.124828 68561
