7501.696984 14153
470.242583 8591
440.232138 5086
12229.580337 17827
1106.755251 9288
9718.716719 16488
1094.016622 5616
6541.175644 13553
8174.182239 14415
4033.855600 10375
608.181444 6746
318.777193 4949
5271.232431 11834
5460.268312 11935
7134.803053 13811
9326.394475 15950
5820.792336 12760
4210.697197 10658
4968.739416 12999
3410.359457 10045
377.249915 4831
772.949547 7792
506.149248 6611
7889.795122 14472
1135.870033 7783
11281.131307 17234
5502.529884 11819
588.470931 3787
2704.396369 10075
183.500453 1999
3224.440832 9004
5882.099681 13315
6939.368449 13896
7950.781149 14479
8922.626768 13923
6341.271013 13626
0.523819 5367
826.744214 5588
4545.178300 11875
8153.531456 14521
1342.632468 9345
5887.490240 12228
5374.323713 11663
4934.536841 12077
2686.597182 8827
701.101481 4749
939.436344 7840
1671.602618 6569
2358.573223 10105
1922.894007 9924
538.026809 5541
13073.159390 18649
5240.587245 11854
761.461846 4482
3402.303225 11065
12727.522562 17985
4318.634692 9819
11988.375325 17558
1890.875129 9884
3284.975278 9466
1047.708184 8501
1896.478057 8197
4535.770479 9808
11890.605127 13039
4482.710027 7608
990.503759 4418
12511.729676 14418
3039.678398 7625
6921.776500 10072
313.070843 2153
16253.451008 15096
12413.374870 12112
1372.095805 7006
3360.153759 9915
9681.436756 15078
467.677962 9161
1204.787555 7058
4102.060223 10319
968.891786 8231
3048.374109 11139
2788.598194 9105
7751.255863 15108
10668.859180 17973
3580.456539 10674
257.941956 3196
2971.564565 10887
1242.547126 6306
5285.170279 12816
803.213020 9329
0.537240 9436
805.330401 5143
3369.350394 10109
10535.630348 18078
8963.284119 16621
255.653258 2803
1797.345616 8101
8741.639225 16315
558.168379 4698
1114.480298 6836
536.029034 8736
