9.214003 65875
16.047334 90773
0.909085 9686
14.805879 92028
8.605315 79121
3.159098 19598
7.237149 34477
4.184236 27225
14.884037 71287
9.499795 62745
9.753611 70288
12.656129 84977
13.210737 91914
11.285595 58582
11.132041 93634
13.911795 79244
8.750974 59098
6.416487 45976
17.001023 96033
14.816932 74080
15.113381 87763
11.409543 64536
10.993487 81729
9.173740 59637
14.882853 95948
5.145031 47595
6.757541 44338
2.989755 24057
15.094039 77927
13.173237 67881
11.231515 61997
9.112555 70968
5.377532 37398
12.477707 77402
2.321462 18397
5.151741 29255
14.858774 71913
3.198967 26620
7.397018 38448
12.738235 76842
9.039923 58257
10.322036 73323
5.140295 27114
6.755173 56164
17.169578 89516
12.644682 85753
6.716488 51428
11.794414 76087
9.179661 61977
10.436116 59530
10.062297 67860
4.684765 23292
13.239554 86420
15.704700 97104
20.183411 95847
13.751136 80005
15.298119 96317
14.750616 97428
13.139290 93951
17.185762 98533
10.946514 75868
4.408842 21324
21.085786 100248
8.314393 49414
10.023218 72355
13.492581 77183
4.210683 19709
15.363251 78219
11.000199 96209
10.554538 71325
14.314034 77150
12.352969 82569
16.485099 88272
11.447832 90786
9.347425 52296
10.339405 59799
10.435721 93852
8.994528 46185
13.762188 76641
5.089767 34199
6.254248 59969
0.949743 8075
15.533779 80546
7.867942 53056
12.033626 62371
12.432312 89746
10.392695 83485
18.253532 99715
7.523335 39515
9.928876 73986
15.491146 100417
12.757972 87355
11.382306 72178
8.229524 65942
11.275727 68160
10.063087 63316
24.919492 93390
9.807691 57013
8.031364 39336
12.611523 68561
