6252.118763 14153
406.006668 8591
356.629132 5086
10111.835545 17827
938.082389 9288
8082.543921 16488
871.153168 5616
5426.228764 13553
6485.743203 14415
3370.127240 10375
523.305799 6746
240.230402 4949
4244.993325 11834
4769.326630 11935
6039.871031 13811
7546.425281 15950
4998.633808 12760
3719.414617 10658
4145.169300 12999
2861.103502 10045
322.489715 4831
669.291024 7792
430.090498 6611
6455.293018 14472
732.087325 7783
9276.476147 17234
3655.169623 11819
448.184555 3787
2061.332608 10075
118.874536 1999
2481.930417 9004
3861.161923 13315
5902.253487 13896
6045.435275 14479
5325.820130 13923
5376.232278 13626
0.376581 5367
709.377977 5588
3716.428810 11875
6556.795871 14521
1165.969294 9345
4651.458285 12228
4239.978558 11663
4096.730454 12077
2242.236071 8827
584.641959 4749
775.921144 7840
1333.237675 6569
1863.719833 10105
1538.622866 9924
442.222414 5541
10709.998903 18649
4608.132102 11854
695.894475 4482
2844.247347 11065
10275.593115 17985
3074.550451 9819
9539.749057 17558
1593.659383 9884
2023.113166 9466
433.850389 8501
666.853510 8197
2535.221792 9808
5135.612663 13039
1708.837974 7608
492.622324 4418
6282.195524 14418
1686.910210 7625
3571.955436 10072
128.016301 2153
6268.209123 15096
4431.708534 12112
770.750060 7006
2122.792322 9915
6610.066324 15078
300.486161 9161
789.463463 7058
2777.012993 10319
747.765184 8231
2800.060632 11139
2697.623038 9105
7187.336134 15108
10492.838246 17973
3622.345083 10674
248.005580 3196
3029.680048 10887
1244.859113 6306
4855.453994 12816
812.203994 9329
0.586188 9436
806.830805 5143
3063.134987 10109
10405.337191 18078
8459.860546 16621
234.585236 2803
1827.796984 8101
8405.248374 16315
554.586910 4698
1145.920093 6836
552.704793 8736
