25.302784 79242
6.206880 22634
10.336642 29519
17.990635 63924
29.184650 92413
27.214507 97914
12.664024 63572
22.671059 85666
17.982346 70923
27.962143 92921
18.054583 82017
7.755836 39004
20.418281 77951
14.036138 67710
22.028028 87780
24.085015 91378
30.210972 81391
23.537511 72636
28.158723 88594
16.822207 61408
9.677427 40065
4.316079 18058
22.123160 98253
20.573414 67989
8.866238 48469
11.699677 38271
17.689449 79799
12.000862 40523
7.901100 32898
23.110403 95931
21.263024 90234
9.425189 31038
15.639963 54368
19.949331 69850
14.073243 51839
11.370069 53899
18.467085 58001
17.757739 49455
4.513448 14132
20.404860 66497
17.486553 74066
16.822602 68506
16.539968 76238
4.610554 30138
23.646459 82573
12.675471 57564
15.459173 66686
29.860444 97223
18.465111 85054
20.147885 88136
3.951340 13816
20.166833 72250
41.819069 78682
42.297098 98114
19.745645 61964
34.269681 96738
22.011055 84704
18.373137 84948
53.383745 93721
15.791543 22621
19.948147 50080
15.592989 50810
34.100733 88436
39.878531 50810
26.007789 53065
27.841747 66362
21.483288 83757
34.938369 96887
33.602177 79428
8.742684 23247
5.161610 12233
31.696376 86717
40.704325 98701
18.937220 46070
12.701129 41104
37.053383 82606
3.496600 12731
9.069528 32385
31.666376 92775
27.953853 96733
30.515316 100604
24.212515 97229
25.323706 89363
6.685304 21521
14.109559 58101
17.284446 60120
14.073244 59771
26.832005 92386
10.611775 48673
19.194985 67615
27.515299 94963
11.862704 40126
26.674108 88774
28.414909 79632
20.382755 77364
25.039889 92132
18.818403 69973
13.373765 64828
33.713888 99877
19.830515 65918
