21.093680 79242
4.530423 22634
8.906502 29519
15.262592 63924
25.908314 92413
27.165560 97914
13.808373 63572
22.469741 85666
17.045235 70923
23.261588 92921
20.173938 82017
8.177812 39004
22.735400 77951
15.514831 67710
22.657242 87780
22.437768 91378
22.015002 81391
20.488150 72636
26.791741 88594
12.432312 61408
8.352288 40065
5.657403 18058
21.750526 98253
18.735903 67989
10.392694 48469
11.313621 38271
20.796837 79799
11.857966 40523
9.984140 32898
28.612279 95931
22.981323 90234
9.568873 31038
15.780490 54368
21.132365 69850
13.693899 51839
12.993237 53899
13.520608 58001
11.206646 49455
3.752391 14132
16.543521 66497
19.957226 74066
21.953423 68506
15.235355 76238
5.729245 30138
20.419071 82573
18.294584 57564
21.134338 66686
31.499006 97223
17.869845 85054
19.476039 88136
3.193441 13816
14.556403 72250
18.461559 78682
32.760988 98114
11.887967 61964
23.104482 96738
20.624730 84704
19.255380 84948
19.666698 93721
7.460966 22621
13.506003 50080
14.265087 50810
22.056450 88436
13.552977 50810
17.214183 53065
22.454346 66362
17.295499 83757
26.730162 96887
18.651429 79428
4.543843 23247
2.394488 12233
22.560136 86717
18.332084 98701
10.545063 46070
9.923349 41104
24.273305 82606
4.600686 12731
8.407156 32385
24.407516 92775
23.500010 96733
26.882531 100604
23.500405 97229
29.209914 89363
6.538460 21521
14.631405 58101
16.482731 60120
20.224070 59771
23.908566 92386
12.763498 48673
15.240882 67615
23.651985 94963
10.489801 40126
20.141569 88774
26.153053 79632
20.889600 77364
21.501051 92132
15.514042 69973
15.785622 64828
35.467320 99877
16.408915 65918
