3092.031084 11497
1602.418646 11067
5200.451345 14481
7877.365968 17787
1000.690004 7812
660.862158 5924
2163.955334 9963
2488.561247 12023
4411.151304 14089
5277.278258 14163
4234.496814 13151
9207.882311 19365
2470.812587 10376
2220.440545 11487
2481.688442 10667
4533.811784 13583
3489.519278 12297
372.896731 4414
5962.884249 15605
2870.307241 12488
4402.290593 13331
6210.867723 15970
3858.041509 13731
5637.920308 14908
625.025362 6049
834.010969 6162
2455.699995 11056
3755.258519 12729
5971.977857 15615
1145.416801 7254
605.168400 5018
2285.075541 11953
8538.717997 18334
2365.731819 10379
2370.711059 10742
2048.648057 9597
4537.112593 13682
2979.165664 11047
827.312245 8964
1704.480843 8136
1529.806365 7664
1669.780896 8431
4770.461900 14604
6785.981468 16795
1562.523931 8396
8271.219799 18143
1068.383440 8445
609.012765 5518
5990.426784 15732
1127.005768 7677
434.282629 4200
38.972605 2164
96.364531 3194
383.813244 4041
620.790205 5068
233.535624 3626
261.823032 3408
369.433289 4156
260.094864 3379
130.893161 3097
27.933327 1079
49.900960 1566
429.579310 4233
190.746286 3218
186.503629 3173
111.797650 2290
507.544257 4571
267.726357 3304
205.194137 3662
72.241622 1835
48.944506 1649
217.151972 3073
254.357329 3217
54.089933 1692
38.020888 2427
251.069940 3679
83.727744 1959
170.138530 3118
44.268426 1330
125.733525 2681
8.097286 829
480.875674 4475
339.308369 3800
456.070260 4382
475.575116 4413
111.388701 2676
28.178854 1474
141.067959 2418
553.215191 4775
34.168233 2125
342.715759 3807
58.999304 2335
200.570951 3580
242.074228 3228
596.694928 4960
108.133286 3097
16.597995 1599
364.605233 4127
108.579736 2453
268.766496 3331
