2959.727520 11497
1539.437607 11067
4987.260976 14481
7972.544702 17787
1008.039260 7812
690.454574 5924
2189.445620 9963
2579.118374 12023
4825.891183 14089
5837.785466 14163
4649.713538 13151
10867.918279 19365
2606.052221 10376
2319.676803 11487
2577.432047 10667
4563.402226 13583
3481.453177 12297
374.783979 4414
5836.115324 15605
2678.147000 12488
4364.985367 13331
6543.897371 15970
4015.407067 13731
5506.973068 14908
627.600641 6049
846.124727 6162
2470.713901 11056
3639.401765 12729
5990.107440 15615
1135.879901 7254
607.114859 5018
2217.774871 11953
8280.436960 18334
2383.658112 10379
2392.385007 10742
2164.963893 9597
4580.880884 13682
2995.251682 11047
859.379675 8964
1577.438363 8136
1421.671499 7664
1592.288848 8431
5166.020215 14604
7222.153318 16795
1563.625648 8396
8196.745532 18143
1070.213056 8445
614.430166 5518
6206.149406 15732
1141.532962 7677
426.264685 4200
39.684714 2164
97.701907 3194
406.085221 4041
641.667568 5068
242.552258 3626
285.143436 3408
382.402446 4156
265.417133 3379
143.001391 3097
31.328084 1079
51.185836 1566
441.200038 4233
191.182473 3218
185.384149 3173
117.923609 2290
523.101324 4571
272.302175 3304
218.123426 3662
77.096124 1835
49.875697 1649
219.751725 3073
252.032709 3217
54.558883 1692
36.082324 2427
255.628390 3679
85.313805 1959
209.957455 3118
71.369247 1330
168.480625 2681
8.559525 829
567.123827 4475
554.207565 3800
461.250423 4382
483.497137 4413
111.073699 2676
27.116612 1474
142.930734 2418
567.192512 4775
33.467965 2125
351.885945 3807
58.719434 2335
202.272671 3580
243.508711 3228
616.379388 4960
108.046443 3097
16.848260 1599
365.964715 4127
160.506103 2453
329.435152 3331
