0.889742 8310
0.945795 8664
1.625142 8684
0.967111 9336
1.038164 9394
0.828163 8017
0.760268 6577
1.015269 9037
0.870400 8522
1.042901 8851
0.843558 8112
1.123428 9780
0.709346 6163
1.065796 9573
1.185402 9952
0.919348 8508
0.739346 6022
1.061848 9130
0.751583 6389
1.023953 9014
0.904742 8284
0.534871 4601
0.866453 8590
0.847900 7722
1.128559 9850
1.103296 7752
0.728689 7095
0.839610 8144
0.695531 6099
0.999875 8767
0.993559 8697
0.610267 5695
0.946585 9031
1.057506 9051
0.919348 8761
0.733426 6956
0.945795 8214
1.057506 9111
1.087112 9722
1.140796 8312
0.690004 6435
0.838426 8172
0.725136 6462
0.961584 9167
0.946190 8496
0.531714 4886
0.747241 6224
0.980927 8645
1.007769 9506
1.041322 9082
0.165001 1502
0.323686 2850
0.380923 3850
0.354870 2865
0.382502 3756
0.403029 3661
0.313028 3030
0.201712 2093
0.244343 2263
0.387239 3423
0.229738 2182
0.291318 2590
0.322502 3137
0.356450 3459
0.391187 3601
0.339870 2979
0.417239 3423
0.403029 3786
0.313423 2771
0.263291 2268
0.257370 2492
0.124738 1090
0.391976 3748
0.363555 3494
0.333160 3026
0.385265 3857
0.248291 2133
0.409739 3804
0.322108 2761
0.168949 1648
0.096316 915
0.049342 462
0.057237 594
0.078553 737
0.110527 960
0.067106 589
0.088816 854
0.047763 430
0.101843 973
0.103027 994
0.108553 971
0.096711 947
0.039079 364
0.064343 595
0.090000 935
0.087237 862
0.050132 445
0.053290 531
0.060790 600
0.063553 571
