1.462509 6870
2.008433 8572
2.346330 9936
1.938565 6931
1.567904 7956
2.034092 9358
1.335798 5218
1.594746 6862
2.002907 7354
2.031723 8219
2.925807 9700
2.215277 7123
0.492634 2237
1.385930 4755
0.839216 3920
1.250139 5614
1.711985 7342
1.190139 5742
1.114349 4214
1.050401 5228
1.693431 7616
2.224751 9059
2.094881 8711
2.302909 9149
1.437246 6452
1.049612 5522
2.789227 8881
2.643568 7643
1.394219 5268
2.332120 8349
1.993828 7034
2.565805 9788
1.300271 5684
1.354351 7380
2.385014 9595
1.702905 8476
1.831590 7848
1.372509 5346
1.661852 6839
1.344877 6405
2.196329 8768
0.907110 3850
1.365008 6273
0.996321 4216
0.597635 2726
0.767768 4001
1.432509 5662
1.611326 6356
1.162901 5316
2.238171 8847
1.623168 6623
2.675937 8905
1.432903 6144
0.923690 3006
1.561193 7372
2.360935 9317
2.265803 8928
1.702510 8260
1.961459 6597
0.800926 3292
2.857912 8306
1.052375 4942
1.910933 6207
1.485009 5246
1.642115 5629
1.175928 3859
1.297903 5800
2.151329 9105
2.141066 7447
2.294224 8457
2.016723 7749
1.166454 4915
1.661063 5590
1.845011 8320
1.551720 6654
1.813037 9652
1.556457 6783
1.622773 6287
1.803958 8138
1.672905 5428
0.118027 517
0.208027 855
0.178423 815
0.134211 551
0.192238 976
0.266844 940
0.187896 784
0.056053 261
0.127501 658
0.183159 877
0.216317 913
0.178027 559
0.229343 753
0.152369 623
0.189869 623
0.187896 752
0.157501 700
0.226580 947
0.153554 629
0.165791 609
