69.541605 3713
182.718869 4578
319.993385 7637
155.372125 4976
61.460109 3532
35.392714 3038
148.483135 4027
113.918585 2981
37.626149 6625
44.736982 6984
20.606967 2099
77.110335 3049
168.595494 8744
9.605980 1301
213.239317 8212
88.603168 5877
142.737706 3425
143.087840 3993
417.182130 8796
62.309587 4312
54.625989 8594
384.875093 7908
70.971745 7204
97.118482 2289
263.422910 8647
107.796574 5687
190.809444 6206
43.641580 3825
312.367812 6368
161.546241 5184
267.634778 6218
59.197858 1674
436.988172 8880
68.276071 2796
313.977164 6426
118.598612 2501
54.286118 2595
256.239840 7070
248.881506 6354
69.896081 6725
352.397923 7859
199.229627 6169
93.246485 2517
218.515007 5891
258.440512 7759
165.092184 3339
36.218903 5696
63.855386 5033
21.627368 3941
42.524073 4897
82.350893 2674
90.207783 4253
145.464565 7344
239.073815 6699
302.461830 7126
186.057574 6198
75.014664 2871
10.493747 422
324.185910 7260
41.686042 6328
61.191686 4812
66.568429 7299
58.477065 5232
5.255163 971
242.909891 7368
4.338184 2220
156.973976 7267
55.239019 1149
180.501224 5088
205.334664 7334
269.306103 8225
85.114858 6089
209.720611 5674
300.237476 6493
13.325212 2120
130.431315 7049
32.037036 7338
27.722142 6567
34.990080 1315
223.728723 6312
16.385230 4955
360.870210 8605
147.989317 3557
51.405706 4445
9.120055 5400
88.578300 2514
119.636777 3652
114.573851 9456
115.195171 6293
161.337029 3808
35.949692 1596
214.742484 5905
77.384679 4969
2.697253 321
64.583286 7328
1.204349 52
5.181742 154
14.989433 2653
12.201785 252
4.173184 1354
