26.276212 3713
68.709495 4578
112.836604 7637
59.504965 4976
22.791453 3532
13.594425 3038
57.625217 4027
43.857502 2981
13.981663 6625
17.199183 6984
7.324781 2099
29.285704 3049
65.127237 8744
3.803313 1301
81.228255 8212
32.796120 5877
55.633363 3425
55.589942 3993
161.959928 8796
23.885671 4312
21.783289 8594
144.918641 7908
27.949906 7204
37.165488 2289
99.542182 8647
41.841175 5687
72.491096 6206
16.724312 3825
118.765192 6368
61.820506 5184
101.786274 6218
22.364741 1674
167.514303 8880
26.166080 2796
118.509797 6426
45.698171 2501
20.550124 2595
98.864019 7070
94.996759 6354
27.171085 6725
135.591347 7859
77.658628 6169
35.330740 2517
86.488155 5891
99.191653 7759
62.834196 3339
14.467982 5696
24.851598 5033
8.436366 3941
17.071682 4897
31.439006 2674
34.865343 4253
56.454816 7344
91.029630 6699
115.285961 7126
71.169510 6198
28.733858 2871
4.317658 422
127.332613 7260
15.752858 6328
24.062909 4812
26.037790 7299
22.490267 5232
1.921196 971
92.198848 7368
1.865932 2220
60.562077 7267
21.195918 1149
69.387262 5088
75.552694 7334
102.511410 8225
32.807172 6089
80.513777 5674
123.258509 6493
5.889905 2120
56.411789 7049
11.859545 7338
10.753092 6567
13.477582 1315
85.102621 6312
6.293327 4955
152.019999 8605
59.971153 3557
19.682093 4445
3.481205 5400
33.488492 2514
45.509881 3652
44.768561 9456
44.145267 6293
61.140765 3808
13.894032 1596
89.950808 5905
30.310841 4969
1.209086 321
27.704773 7328
0.516714 52
2.271724 154
6.485961 2653
4.475553 252
1.702510 1354
