1.271455 6870
1.799616 8572
2.121329 9936
1.743168 6931
1.477509 7956
1.886064 9358
1.256455 5218
1.415140 6862
1.861195 7354
1.856853 8219
2.634095 9700
2.015539 7123
0.473687 2237
1.444745 4755
1.193297 3920
1.166060 5614
1.531983 7342
1.102112 5742
1.002243 4214
0.884216 5228
1.544220 7616
2.165934 9059
1.932249 8711
2.444621 9149
1.299482 6452
0.912637 5522
2.547252 8881
2.291066 7643
1.190928 5268
2.106723 8349
1.720668 7034
2.306462 9788
1.455404 5684
1.269876 7380
2.406330 9595
1.479482 8476
1.620799 7848
1.029480 5346
1.436456 6839
1.198428 6405
1.906985 8768
0.843558 3850
1.172770 6273
0.887374 4216
0.568425 2726
0.694347 4001
1.441193 5662
1.430140 6356
1.061059 5316
1.796063 8847
1.500009 6623
2.397251 8905
1.285666 6144
0.798162 3006
1.348035 7372
2.139882 9317
2.023828 8928
1.570273 8260
1.893564 6597
0.707372 3292
2.585937 8306
1.076849 4942
2.030933 6207
1.560405 5246
1.541062 5629
1.001848 3859
1.173955 5800
1.876985 9105
1.693037 7447
1.950011 8457
1.539483 7749
0.998690 4915
1.545799 5590
1.740405 8320
1.165665 6654
1.558036 9652
1.300271 6783
1.513035 6287
1.699352 8138
1.651983 5428
0.097895 517
0.187896 855
0.160265 815
0.139737 551
0.169343 976
0.268028 940
0.169737 784
0.050132 261
0.121579 658
0.171317 877
0.264476 913
0.151975 559
0.310265 753
0.136974 623
0.187896 623
0.170528 752
0.175659 700
0.207238 947
0.138948 629
0.151579 609
