0.705794 8310
0.813163 8664
0.776057 8684
0.769741 9336
0.740926 9394
0.627635 8017
0.580662 6577
0.757505 9037
0.719610 8522
0.768557 8851
0.637109 8112
0.794610 9780
0.511582 6163
0.825795 9573
0.914216 9952
0.719610 8508
0.526582 6022
0.825005 9130
0.546714 6389
0.804084 9014
0.678162 8284
0.424740 4601
0.694346 8590
0.622109 7722
0.885400 9850
0.675793 7752
0.561320 7095
0.701057 8144
0.528951 6099
0.753557 8767
1.271455 8697
0.528161 5695
0.724346 9031
0.822637 9051
0.692372 8761
0.517108 6956
0.717241 8214
0.785531 9111
0.826190 9722
0.710530 8312
0.533688 6435
0.665530 8172
0.564477 6462
0.774874 9167
0.707373 8496
0.419213 4886
0.597636 6224
0.682899 8645
0.755926 9506
0.822637 9082
0.119606 1502
0.250659 2850
0.280265 3850
0.255002 2865
0.290922 3756
0.300791 3661
0.254606 3030
0.165791 2093
0.176448 2263
0.307107 3423
0.174870 2182
0.230527 2590
0.246712 3137
0.281449 3459
0.285002 3601
0.275923 2979
0.305923 3423
0.325660 3786
0.238818 2771
0.208817 2268
0.225396 2492
0.097106 1090
0.288554 3748
0.292896 3494
0.261712 3026
0.316186 3857
0.174080 2133
0.311844 3804
0.232897 2761
0.139343 1648
0.071053 915
0.040263 462
0.042632 594
0.060395 737
0.085658 960
0.060395 589
0.067106 854
0.035526 430
0.078158 973
0.077763 994
0.080132 971
0.072632 947
0.029605 364
0.048553 595
0.066316 935
0.061184 862
0.039079 445
0.040264 531
0.047763 600
0.049343 571
