33.834284 3713
89.629490 4578
141.321776 7637
74.857953 4976
30.174262 3532
16.545495 3038
71.871356 4027
55.289940 2981
19.213932 6625
20.734468 6984
10.872697 2099
36.740748 3049
78.112578 8744
4.730949 1301
106.239327 8212
39.400897 5877
67.372907 3425
76.665464 3993
203.456889 8796
30.242946 4312
27.875300 8594
185.197042 7908
33.897047 7204
45.824093 2289
123.720354 8647
51.967419 5687
91.415291 6206
22.506057 3825
148.813533 6368
76.037434 5184
154.901595 6218
29.055966 1674
207.590204 8880
30.754133 2796
144.313110 6426
59.654967 2501
25.290943 2595
122.787980 7070
120.573493 6354
31.800193 6725
173.461840 7859
95.323208 6169
42.385520 2517
109.200661 5891
122.075081 7759
80.089037 3339
17.617211 5696
30.473869 5033
10.359932 3941
21.607236 4897
37.292200 2674
42.383941 4253
83.919192 7344
112.513312 6699
144.019424 7126
98.979283 6198
38.642603 2871
5.529112 422
158.684776 7260
19.719988 6328
30.367289 4812
31.351374 7299
26.675294 5232
2.566594 971
116.046624 7368
1.858827 2220
75.777300 7267
28.062012 1149
88.970670 5088
94.757547 7334
127.921958 8225
42.740390 6089
102.384304 5674
155.965812 6493
10.865197 2120
66.188295 7049
14.181796 7338
13.311396 6567
17.509448 1315
104.704581 6312
7.997812 4955
174.953164 8605
79.917326 3557
33.177043 4445
4.698975 5400
42.408415 2514
56.733107 3652
53.874010 9456
55.265861 6293
76.702964 3808
16.027992 1596
100.014684 5905
38.166152 4969
1.212245 321
39.104447 7328
0.524609 52
2.241724 154
10.189798 2653
5.420560 252
2.143039 1354
