96.655848 3713
251.540470 4578
424.819151 7637
210.405484 4976
85.533675 3532
49.075560 3038
204.241631 4027
156.407920 2981
52.493607 6625
65.437502 6984
31.872824 2099
113.149237 3049
226.011105 8744
12.008756 1301
287.461740 8212
120.299150 5877
195.683290 3425
212.080363 3993
584.834593 8796
86.502366 4312
94.085701 8594
587.485661 7908
95.330314 7204
125.251548 2289
361.415345 8647
158.699776 5687
292.255848 6206
59.118910 3825
433.641177 6368
221.132918 5184
359.108489 6218
76.223750 1674
612.160810 8880
92.353980 2796
426.998506 6426
163.592175 2501
84.189589 2595
344.948404 7070
327.518693 6354
99.185732 6725
494.814311 7859
278.799187 6169
129.076965 2517
310.139114 5891
349.912644 7759
222.539373 3339
46.769888 5696
91.026866 5033
30.550448 3941
57.945746 4897
109.282767 2674
128.583147 4253
203.153335 7344
335.935322 6699
437.453174 7126
258.639065 6198
96.947955 2871
14.603378 422
456.134602 7260
57.444821 6328
86.201574 4812
87.287502 7299
75.562168 5232
6.916226 971
332.530696 7368
5.842140 2220
208.473630 7267
75.857827 1149
274.029159 5088
270.347426 7334
363.346805 8225
119.252696 6089
289.553463 5674
411.674729 6493
17.559580 2120
178.717398 7049
44.342243 7338
38.560102 6567
50.527806 1315
301.596563 6312
23.381194 4955
491.738898 8605
229.658890 3557
67.511462 4445
12.373101 5400
120.893626 2514
164.862840 3652
160.601235 9456
163.800597 6293
232.272853 3808
50.939914 1596
289.585437 5905
97.349010 4969
4.159762 321
85.696703 7328
2.150145 52
6.755962 154
20.540255 2653
18.813272 252
5.151741 1354
