6.615040 47442
13.552583 80824
7.229649 49120
9.621374 59105
14.554430 93865
12.935210 87657
15.123250 73158
6.415302 53434
15.188776 95011
3.430678 23491
12.555471 78298
18.782482 91018
15.141408 93233
17.252473 85848
13.696662 82861
11.719808 89737
12.679024 81485
13.706925 87810
16.342204 92910
11.892703 94381
12.339154 91969
13.474029 98110
11.241778 58210
16.581022 84348
6.438987 30671
14.308113 88154
12.986131 67509
12.089284 88231
9.278740 71635
11.067304 61797
10.586906 62106
20.850521 92296
9.356504 37311
7.284518 31784
10.173219 56550
18.834982 78808
13.944953 60360
17.595107 60273
25.896473 86077
8.989397 33613
18.011162 96553
23.496458 93934
7.516229 48371
10.763750 57174
18.016688 61330
5.495559 20044
18.435506 76604
6.208459 39750
18.734324 74074
16.733391 65109
1.400140 6660
2.203435 8234
5.028189 5813
0.497766 4644
0.754346 6643
1.004611 5268
1.640141 9259
0.589345 3288
0.792242 6759
0.611846 5440
2.385410 9497
1.844616 6918
1.654353 8094
1.115928 5879
0.944216 7661
0.928821 5475
1.545799 8350
3.361599 9957
0.529346 5114
1.092243 6094
0.912637 9131
0.434213 2374
1.670536 8510
4.001867 9784
0.672241 6092
1.374087 8776
0.888163 3731
3.841602 9107
3.748444 7503
1.442771 9811
40.625377 225670
88.600010 389350
96.375978 367286
79.529297 322778
62.861038 326186
78.621397 292610
63.847492 239102
68.013570 378412
56.529027 219458
88.705406 399932
78.536922 365666
84.996041 395760
99.320338 396504
62.770248 252626
96.449400 383124
59.534965 342756
59.401149 349436
55.130071 326458
57.722323 326166
60.783131 344108
