22.481978 90501
18.628928 63934
21.811316 81016
17.394973 81364
5.794377 20957
18.929720 72407
13.897189 53283
30.981898 97876
10.258089 36359
24.253174 99402
23.403694 81085
21.442236 81876
5.981483 25154
17.199578 90461
21.928159 87741
15.258645 74440
18.459585 76465
9.437031 33076
15.301672 73921
22.803296 83479
22.362372 98261
13.132579 65747
18.523928 71962
22.372635 85742
19.201695 69068
16.100229 66086
19.755514 84020
24.441858 86209
6.565303 29512
21.267760 85138
12.062047 36480
30.730055 78645
22.470926 87014
6.400696 24450
11.355069 48617
20.169990 64636
15.225092 59396
11.043620 45183
26.050815 99370
30.832687 95550
27.398061 91281
20.986706 66375
17.184972 70695
19.854594 85199
30.345579 88582
15.863385 61882
22.141713 91658
14.265876 62882
11.834283 46911
13.047711 55685
2.688569 8341
0.936716 6508
1.992249 8109
1.978038 9147
2.215672 8700
1.631062 6060
0.943033 3402
1.533956 5761
0.899611 3484
1.309744 4765
1.156191 4716
4.147920 9573
3.451205 7182
2.030933 7978
3.000413 9488
1.352771 7255
1.178692 5120
1.631852 6846
1.617642 8525
1.903038 7666
0.564083 2620
1.196850 5208
0.517898 1950
1.897512 8343
4.288842 7395
1.056322 4318
1.971722 7321
1.687510 5886
2.634095 7788
3.240809 7356
28.067933 105896
28.078197 59560
37.144567 151776
54.083222 162046
11.168752 36372
38.739708 145706
48.325556 142430
22.996718 117040
16.563653 64320
17.435632 78104
25.929630 110238
38.802866 158072
7.228464 37132
28.865701 106610
59.718520 179568
48.655162 151822
39.345238 104680
55.808627 191902
52.774267 174742
63.848676 148304
