5822.114712 11497
2854.293460 11067
9776.098382 14481
15725.222021 17787
1755.679310 7812
1230.237183 5924
4555.115465 9963
4842.223519 12023
8770.610322 14089
11622.043502 14163
9306.244616 13151
17068.180544 19365
4571.957015 10376
4030.287157 11487
4432.379196 10667
8283.344215 13583
6168.591941 12297
648.802874 4414
10405.112583 15605
4685.464676 12488
7874.720426 13331
11393.466197 15970
7045.462906 13731
10112.082652 14908
1187.108370 6049
1540.990511 6162
4378.476765 11056
6906.615356 12729
11362.435351 15615
2240.906590 7254
1114.073716 5018
4832.195563 11953
15200.342002 18334
4333.168201 10379
4519.281433 10742
3749.338615 9597
10978.524607 13682
6056.556658 11047
2098.245463 8964
3572.326491 8136
2550.800965 7664
3061.427740 8431
10017.152209 14604
13013.888110 16795
2991.423106 8396
17360.043626 18143
2309.752270 8445
1346.983679 5518
11090.363705 15732
2016.277862 7677
745.329643 4200
69.804501 2164
171.268273 3194
671.482617 4041
1131.437112 5068
394.449492 3626
472.063515 3408
640.787694 4156
458.430801 3379
229.271256 3097
48.383978 1079
88.633958 1566
760.479734 4233
336.874408 3218
329.215282 3173
207.236518 2290
908.733132 4571
469.365473 3304
351.163968 3662
137.369647 1835
92.745957 1649
409.557348 3073
452.144184 3217
93.801095 1692
60.797341 2427
438.141994 3679
144.187583 1959
285.118568 3118
78.203368 1330
242.428704 2681
15.773780 829
850.387121 4475
599.652708 3800
793.162958 4382
825.210258 4413
185.369938 2676
41.676173 1474
248.034791 2418
965.913873 4775
61.213397 2125
604.063919 3807
98.086778 2335
340.450351 3580
386.381023 3228
1022.785533 4960
226.083737 3097
27.366087 1599
639.637819 4127
199.665814 2453
496.911166 3331
