7.985180 47442
13.342581 80824
6.435434 49120
9.200187 59105
14.124559 93865
13.892452 87657
10.033482 73158
7.221359 53434
13.458634 95011
4.939372 23491
16.093518 78298
13.054421 91018
13.953242 93233
10.393879 85848
14.844959 82861
11.161252 89737
12.795867 81485
11.480991 87810
13.151921 92910
14.214954 94381
16.729838 91969
16.309836 98110
7.218991 58210
13.918505 84348
5.848062 30671
11.028620 88154
11.442701 67509
12.569286 88231
11.205463 71635
8.404393 61797
8.807421 62106
15.260619 92296
4.807924 37311
4.800818 31784
6.542802 56550
10.385589 78808
9.896902 60360
14.533115 60273
15.398778 86077
6.122406 33613
17.491290 96553
13.808768 93934
7.164517 48371
11.385464 57174
12.728761 61330
2.194750 20044
15.949044 76604
3.987261 39750
12.516787 74074
9.170187 65109
1.625141 6660
1.517772 8234
0.583030 5813
0.862111 4644
1.282508 6643
0.558951 5268
1.386324 9259
0.504871 3288
0.759084 6759
0.921716 5440
2.820411 9497
1.059480 6918
1.625536 8094
1.097770 5879
0.824610 7661
0.775268 5475
1.439219 8350
1.736063 9957
0.503687 5114
1.058691 6094
0.900006 9131
0.245133 2374
1.617641 8510
0.888558 9784
0.618557 6092
1.565931 8776
0.423555 3731
1.586457 9107
0.961190 7503
0.971454 9811
42.574599 225670
66.742509 389350
60.352075 367286
55.597047 322778
49.888328 326186
43.539342 292610
40.375507 239102
61.473136 378412
41.196171 219458
63.992756 399932
63.007092 365666
60.770499 395760
79.162189 396504
43.662501 252626
58.424959 383124
60.376944 342756
61.085501 349436
57.247057 326458
47.772131 326166
60.417998 344108
