19.113274 90501
15.907202 63934
23.248956 81016
25.138573 81364
7.801626 20957
20.887232 72407
14.301797 53283
26.509897 97876
9.018607 36359
24.289489 99402
20.344466 81085
23.010928 81876
5.768719 25154
24.058172 90461
22.045002 87741
15.893386 74440
18.571692 76465
9.671901 33076
18.388927 73921
20.201964 83479
20.940522 98261
12.833762 65747
17.423395 71962
21.204207 85742
24.616333 69068
17.234314 66086
24.602123 84020
28.191486 86209
9.339530 29512
28.001617 85138
10.136903 36480
28.367540 78645
23.026324 87014
6.065168 24450
13.657583 48617
17.642870 64636
16.801286 59396
12.679814 45183
21.022232 99370
30.341236 95550
27.775826 91281
20.494466 66375
18.120899 70695
26.654371 85199
27.247665 88582
19.097484 61882
25.734235 91658
14.151006 62882
12.825078 46911
12.405469 55685
2.607647 8341
1.569483 6508
2.258698 8109
1.293165 9147
1.510667 8700
1.818564 6060
1.009743 3402
1.656720 5761
0.500924 3484
1.418298 4765
1.059085 4716
2.283567 9573
1.564746 7182
2.561068 7978
1.837511 9488
1.912511 7255
1.858827 5120
1.588431 6846
1.139217 8525
1.210270 7666
0.385660 2620
2.466330 5208
0.381713 1950
2.098434 8343
3.702259 7395
0.718031 4318
1.870274 7321
1.314877 5886
1.437640 7788
1.632641 7356
27.548062 105896
14.996933 59560
34.037574 151776
46.817257 162046
10.146377 36372
32.669803 145706
41.419988 142430
24.380279 117040
15.435488 64320
20.385124 78104
21.475393 110238
41.753542 158072
9.537294 37132
28.776095 106610
52.088210 179568
44.726323 151822
26.549371 104680
48.760559 191902
46.265016 174742
31.609533 148304
