5579.953247 11497
2704.326105 11067
9203.833471 14481
14084.796303 17787
1621.531919 7812
1189.905886 5924
3683.740849 9963
4387.823005 12023
7664.838366 14089
8609.484479 14163
7339.939162 13151
17556.225077 19365
4954.960253 10376
4643.449815 11487
4756.649185 10667
8506.952147 13583
6289.185961 12297
665.961400 4414
10297.853250 15605
4792.224269 12488
8150.313147 13331
11280.695909 15970
7218.108031 13731
10941.986359 14908
2144.144556 6049
2523.877382 6162
6974.293002 11056
8916.293178 12729
13126.262870 15615
3362.862065 7254
1454.004590 5018
4838.591128 11953
15158.008194 18334
4582.836027 10379
5149.177087 10742
3950.328383 9597
8319.475881 13682
5474.181291 11047
1453.286164 8964
2903.292046 8136
2533.170727 7664
2855.576362 8431
9031.630454 14604
12705.058346 16795
2960.572656 8396
14253.749825 18143
1827.843958 8445
1101.607852 5518
11484.822671 15732
2268.137676 7677
804.299342 4200
65.370790 2164
176.560937 3194
751.547180 4041
1176.547121 5068
410.834724 3626
466.190190 3408
661.451109 4156
457.802771 3379
227.081243 3097
51.777155 1079
89.119882 1566
758.847488 4233
366.255243 3218
340.127059 3173
206.012431 2290
922.192950 4571
479.927116 3304
353.894379 3662
127.890774 1835
85.322095 1649
378.522554 3073
444.095056 3217
96.274136 1692
65.531055 2427
457.288426 3679
154.755937 1959
290.152282 3118
85.936705 1330
224.794913 2681
13.245475 829
894.603046 4475
672.452491 3800
875.220955 4382
918.873193 4413
196.655532 2676
51.367416 1474
305.254216 2418
1065.695661 4775
69.280682 2125
606.438671 3807
94.811626 2335
380.526250 3580
410.550511 3228
1075.665589 4960
182.733869 3097
26.323186 1599
652.597108 4127
204.277552 2453
501.465272 3331
