1.686326 878
1.425009 141
1.658694 295
2.038828 195
2.456067 249
2.480541 607
2.889096 342
1.173560 125
0.673031 14
0.236843 256
0.136580 3
0.389213 745
2.322251 542
3.232125 186
1.329876 68
1.301850 535
0.885795 378
0.242370 87
2.869359 434
4.781871 470
1.519746 437
0.744873 495
2.518831 414
1.141586 218
3.716865 335
1.192902 60
0.339871 515
1.562773 577
0.641451 666
1.000664 356
1.635405 203
2.038828 218
0.438160 46
1.085928 134
1.362245 410
1.797643 77
3.592127 451
3.293310 491
2.504621 182
1.016059 213
2.974360 144
1.642905 279
0.160264 43
0.914216 546
0.378554 425
3.612654 337
1.351192 80
1.478298 203
2.904096 142
1.733300 545
1.907775 175
2.366067 413
3.757917 283
2.219619 437
0.601977 206
0.831321 97
3.811997 579
0.376186 8
0.426713 333
1.035401 491
1.820142 654
3.172519 526
0.395529 368
1.851722 180
4.309762 466
2.202250 297
1.637379 218
0.783558 82
1.026717 391
0.754741 93
1.736458 167
0.791847 113
1.564352 728
0.112106 20
3.919366 514
0.349344 711
1.485798 108
1.746721 157
0.922111 184
5.045951 443
1.610931 265
2.434357 144
3.095150 191
1.871064 318
1.478694 178
1.582509 146
0.414871 181
2.143039 470
0.594477 398
1.560799 140
0.255791 153
4.059104 711
1.041322 215
3.307915 650
1.249745 251
1.996591 845
1.572641 189
1.430535 508
0.819084 115
0.236054 100
