4.678450 116
0.582635 191
5.534244 453
5.356217 187
1.652774 797
11.409148 370
2.031723 83
1.484219 820
4.783055 727
3.657259 729
5.203452 160
7.508730 789
6.853068 142
3.118835 916
12.766261 398
2.837386 596
4.420290 145
11.749413 582
1.244218 244
0.075000 17
3.448047 344
7.289649 649
0.367502 35
0.828953 470
2.368830 644
0.538424 119
1.372903 15
6.650961 133
0.759478 0
1.039348 12
2.495147 300
1.247770 413
3.004755 116
8.174655 271
2.249619 388
6.876752 169
3.789892 739
4.315289 123
9.402294 421
4.388316 179
1.500009 368
12.176916 441
0.240002 103
8.743868 327
10.305457 342
3.741338 81
2.642779 127
0.723162 201
7.207544 318
4.723450 191
4.816608 379
2.501068 48
5.193979 157
8.735974 405
1.616457 379
2.137908 910
3.762259 215
2.877254 256
5.866615 202
1.565141 150
10.963883 555
3.675022 130
7.043332 388
8.015575 250
8.883606 475
5.518060 428
11.690992 460
0.652110 12
10.363879 371
1.055533 51
2.292645 80
6.584645 237
0.166185 10
1.646457 350
1.506325 567
9.202161 301
7.515046 762
6.592934 519
6.576750 153
3.771733 657
11.609281 471
4.399764 172
1.607378 165
1.775142 260
0.886979 238
1.335009 153
5.376743 176
7.804784 226
5.934115 138
5.872930 359
2.557121 595
12.484812 409
9.635979 232
4.491738 107
1.466851 9
9.967955 361
2.176987 197
5.679508 317
0.401450 153
1.059085 441
