16.134176 99067
13.757846 85127
9.121239 60081
14.588378 88736
5.526349 30014
11.606123 67070
8.193208 47606
5.088584 29737
5.019899 30797
14.591536 93953
13.018894 76180
11.053488 60456
18.589455 93679
15.117329 86041
8.619526 52702
11.458490 74188
10.079666 65477
13.235606 71990
12.625735 78475
6.887805 41401
15.279171 91525
12.126784 77763
13.436924 84407
14.249691 85942
13.050079 66626
12.652182 82217
9.448478 59409
13.003499 78315
16.819049 94018
13.080474 82749
12.967973 86887
3.793049 22849
13.844295 82497
15.420488 94740
18.808930 95314
8.038470 48701
15.032065 77626
16.698654 89458
10.972172 66694
13.841137 88272
14.250086 90398
5.440691 33230
13.468897 70559
8.876106 53929
6.587803 36744
12.782051 70147
6.611487 34992
4.577001 25996
18.590245 95037
4.868319 27781
