13.959164 99067
11.754150 85127
7.958732 60081
12.238890 88736
4.786213 30014
9.451636 67070
7.220965 47606
4.117920 29737
4.241868 30797
12.005599 93953
11.227568 76180
9.606768 60456
16.915365 93679
12.898499 86041
7.037806 52702
9.525847 74188
8.668474 65477
11.152962 71990
10.006639 78475
5.288322 41401
12.575208 91525
10.109272 77763
11.058225 84407
11.852835 85942
11.098883 66626
10.516643 82217
7.950048 59409
10.715986 78315
14.081927 94018
10.727038 82749
10.698618 86887
3.395942 22849
11.042435 82497
12.745735 94740
16.255757 95314
6.755962 48701
13.250606 77626
13.993901 89458
8.728079 66694
11.338490 88272
11.944809 90398
4.896740 33230
11.856783 70559
7.448729 53929
5.392928 36744
10.608616 70147
5.493586 34992
3.920156 25996
16.295625 95037
3.950550 27781
