7368.827364 15202
7554.110065 15888
7777.472469 16176
7299.883394 15677
9340.042584 17402
7372.800020 15667
7332.779778 15592
7439.815294 15432
14722.528716 17371
7540.060505 15628
6666.820747 14903
9424.248752 17576
5343.695107 13323
6479.268296 14398
5163.605595 13269
4491.061525 12006
8702.125434 16769
7158.993068 14770
9630.934608 17765
8734.899448 16744
5995.332209 14154
6012.023362 14510
8942.761627 16541
8372.459359 16215
4883.833376 12412
5213.457213 13171
7328.270671 15171
7512.936394 15501
10297.534696 18471
8510.313352 16256
13132.483565 18381
9377.255442 15061
12001.403298 16761
8949.831012 16049
5415.167381 13449
10161.519793 18049
6281.569073 14385
7323.396431 15763
9707.353361 17510
7213.580371 14826
4078.904425 11334
9160.299260 16988
8948.548504 16871
7553.094795 15806
5620.716389 13601
9733.052858 17584
7383.454032 15912
8496.048660 16699
4044.672244 11460
11657.149240 19391
