1531 62597
392 8780
2251 54014
3706 49941
4020 89774
8707 62716
4582 52345
11883 65998
5054 31249
5492 29655
4239 57829
1976 67137
5409 56387
1217 6748
12242 69465
1675 12408
5734 43558
2421 21925
925 37959
580 16376
2510 49641
7474 42358
2116 57301
1516 37869
12135 76365
6375 37102
7033 66878
8697 46825
3119 20578
6338 64164
1549 11124
8518 80576
7611 91627
8703 55911
6649 83585
3117 20471
14641 87773
4446 24962
12610 73311
1676 16258
922 12913
4568 63655
5138 83320
1681 81881
1026 9106
6601 36156
7899 54522
480 3038
14059 88216
2591 68874
