5.348321 49981
8.600183 89427
8.313603 74837
6.107800 52233
10.347694 86538
9.427163 92706
4.214236 38978
7.862416 76839
10.060324 98728
1.949223 17226
7.614520 74721
6.363591 59220
7.537941 65783
9.570058 82572
7.868337 76185
6.133064 63094
10.250194 90762
10.115982 91335
6.097537 61868
5.218848 51990
8.133996 71272
9.797822 92112
7.841100 67783
7.040964 71251
6.513987 58903
2.590279 22895
6.026878 55486
10.467300 88275
9.495452 98074
6.332012 58881
8.298997 80914
3.336336 33767
5.912010 56263
4.241473 37716
11.251647 98904
3.916998 35141
9.360057 81173
5.736351 49009
9.756770 88755
8.245708 74589
8.698474 81401
10.564011 91029
11.791256 87799
5.858720 58965
6.423196 56319
5.946746 58809
3.922524 42330
9.229793 82622
10.139272 96805
8.007680 81661
