6950.788650 15202
7377.926498 15888
7608.468814 16176
7359.025594 15677
9451.498391 17402
7514.462062 15667
7405.679034 15592
7471.536144 15432
10209.414688 17371
7601.425482 15628
6750.437963 14903
9380.445724 17576
5719.701988 13323
6367.077485 14398
5404.702054 13269
4580.389829 12006
8885.541413 16769
7089.144355 14770
9752.196527 17765
8684.053482 16744
6129.890523 14154
5950.112856 14510
8477.615917 16541
8178.007262 16215
4866.010505 12412
5106.692093 13171
7285.712255 15171
7244.210557 15501
10444.120714 18471
8205.499270 16256
10806.130143 18381
7120.179543 15061
9263.689753 16761
7667.063116 16049
5783.016187 13449
10125.486417 18049
6076.039408 14385
7087.926585 15763
9368.610257 17510
6672.173805 14826
3992.381533 11334
10787.991875 16988
9135.918586 16871
7971.074693 15806
5649.506694 13601
9604.496948 17584
7308.553052 15912
8576.713622 16699
3972.305490 11460
11789.089645 19391
