3.933971 49981
6.235696 89427
6.203327 74837
4.532001 52233
7.687547 86538
7.037411 92706
3.223835 38978
6.193854 76839
7.751099 98728
1.446325 17226
6.056879 74721
4.848187 59220
5.943588 65783
7.706100 82572
6.125168 76185
4.197657 63094
7.663862 90762
8.013996 91335
4.596344 61868
4.163315 51990
6.694382 71272
7.524125 92112
5.934115 67783
5.304506 71251
4.663449 58903
1.980802 22895
4.457396 55486
7.964259 88275
7.016095 98074
4.830029 58881
5.878456 80914
2.526726 33767
4.368974 56263
3.260151 37716
8.542946 98904
3.187519 35141
7.146754 81173
4.465685 49009
7.559257 88755
6.631225 74589
6.276748 81401
8.294261 91029
7.445966 87799
4.249763 58965
4.684370 56319
4.496080 58809
2.878833 42330
7.311755 82622
7.494913 96805
5.955036 81661
