118.011240 6732
15.559436 2559
34.151260 5604
88.309482 7665
13.422712 539
85.935915 5315
24.670412 2409
95.435709 6097
26.316081 2761
105.233531 7945
125.426417 7387
36.947592 2281
41.173276 5325
17.467606 1257
49.195561 7140
95.267156 7121
26.117132 2617
73.066626 7435
24.681859 1192
8.248865 736
93.381092 4738
50.319384 6191
121.959028 8809
88.303561 4316
93.831094 6523
9.772954 447
76.907439 5144
83.893928 5025
95.612158 4816
47.686078 2695
48.360687 3422
16.954839 2845
61.143922 7303
83.031423 6501
30.304920 1604
75.903222 4676
166.456403 8156
27.098454 1675
113.674241 7317
31.686113 6230
37.657728 1917
47.186733 2308
46.279227 4409
22.751585 3908
68.703574 3907
157.957272 7832
22.268819 4157
49.352272 5865
98.911783 6272
44.795008 3871
