1.998959 255
1.101323 385
1.457378 102
1.678036 442
0.264080 76
1.270666 301
2.333304 290
1.820932 104
1.631458 347
0.747241 830
1.781853 100
2.563436 202
1.813038 164
2.503831 571
0.822637 178
0.473293 30
1.368561 321
0.450003 142
1.909748 227
2.160407 470
4.095814 462
0.551845 641
1.512246 569
0.317371 106
0.354081 724
1.347245 177
3.347389 261
2.355409 452
1.743168 511
1.435667 315
0.190264 41
1.803958 103
1.406851 162
2.120144 694
3.769365 457
1.694221 99
3.575548 316
4.132525 341
0.179211 28
0.114869 222
0.175265 212
2.199487 709
0.667504 303
3.392389 593
3.025676 466
2.674753 310
1.591983 49
2.809754 632
3.032387 311
0.049737 12
0.557766 155
1.327113 218
0.721583 32
4.130552 340
1.641720 377
1.286061 222
3.142124 436
0.644609 441
1.612115 419
0.782373 592
0.914611 554
2.057380 179
1.546589 90
2.851597 386
1.645274 261
1.783432 184
0.368687 717
0.766583 153
3.938314 470
0.523029 62
2.998440 452
2.231461 143
3.731470 429
3.116861 521
2.007644 543
3.073045 425
0.960006 75
2.535016 828
2.458436 220
3.655680 230
2.030144 150
3.190282 230
1.696194 426
0.817110 128
2.080670 94
2.498305 270
0.085264 6
3.381731 504
0.775268 337
3.071466 272
0.398292 131
0.948559 460
4.645292 594
1.178297 162
0.128290 58
1.805932 229
3.158308 250
1.902643 379
1.268297 104
1.084744 63
