1.745537 153
1.338166 407
0.155132 73
3.579496 547
0.267239 116
0.353291 98
4.050814 313
0.641846 68
3.674628 396
2.973571 197
3.100677 594
1.870274 103
3.711338 640
0.640662 45
0.661978 144
1.611326 851
0.424344 79
3.542785 697
0.108159 228
4.451080 520
1.775142 211
1.531983 213
2.073170 225
0.483950 227
1.033822 66
0.715267 23
1.427772 632
1.613299 471
0.291318 39
3.652522 599
0.680136 338
0.326844 39
1.648826 863
1.668563 130
0.464213 369
0.688425 338
1.980012 428
4.093446 410
0.945795 156
2.982650 279
1.737642 629
2.933702 315
3.162651 224
0.627240 46
1.114744 808
1.392245 343
0.900400 108
1.950406 350
1.764879 76
0.281449 207
2.001328 461
1.294350 592
2.175803 174
0.315792 19
2.397251 446
0.898821 577
0.205660 495
0.424739 47
3.132255 671
0.892111 215
1.719089 537
0.328028 140
0.480003 49
0.707373 51
3.693575 361
0.693952 33
1.164086 38
4.438843 473
3.445678 258
2.938044 385
3.364363 221
3.616601 511
1.452245 394
0.210001 45
1.057112 121
0.369476 276
3.063965 655
3.698312 380
0.601977 27
1.719090 481
2.735938 209
2.258303 705
3.654101 594
1.110401 61
3.329231 213
3.068308 268
2.925412 246
0.579083 354
2.538173 279
1.098559 98
0.095132 58
0.627241 49
0.734215 685
0.655267 776
0.151185 155
1.194481 395
2.394488 228
3.977393 311
2.066460 176
3.931208 428
