1.475930 891
9.735059 314
2.806991 361
4.639370 117
2.139486 122
9.429926 302
4.773186 352
0.301186 40
0.587372 133
5.132400 551
9.101898 683
4.008577 179
1.252112 112
6.708198 346
4.116736 82
1.889616 257
8.424525 169
2.249224 79
1.526852 517
6.607145 435
8.991765 493
2.872517 382
7.494519 333
6.090037 267
8.780185 234
0.452766 80
7.598730 233
0.871584 558
1.542641 827
0.195001 118
4.811871 115
3.316204 325
4.980425 608
6.206485 728
8.335314 339
0.815532 455
6.247144 228
3.780812 141
0.065922 61
12.152047 378
1.564746 285
6.789909 674
1.716326 516
0.926848 40
0.914216 136
7.727415 215
1.532378 316
1.035006 6
4.106078 245
0.404213 144
3.393573 244
7.117149 438
0.955268 3
7.838336 444
11.636123 596
9.961244 739
6.764646 292
7.543861 188
2.491989 64
1.870670 267
3.943445 75
6.497408 261
10.131772 671
1.251718 551
0.923690 730
0.516319 10
3.416073 838
1.521720 275
11.991783 576
2.500278 76
0.264870 128
6.615829 631
6.049773 584
0.390792 61
0.408950 217
5.966878 157
0.398292 24
5.312005 174
0.618556 546
5.438322 348
8.420578 644
6.481223 293
1.070533 71
2.124091 526
7.093859 501
3.108966 357
1.839485 663
1.197244 62
11.613228 375
4.438448 117
0.640662 533
8.398866 593
0.932374 23
5.617534 255
5.083452 154
7.699784 443
11.039278 346
9.150055 603
6.741356 221
4.496079 124
