343901378515886744326822446870096811312983.38 25574682109711006572174940568746137275760207940600154900861153805996486494450133018757.7094295230 -25574682109711006572174940568746137275760207596698776384974409479174039624353321705774.3294295230
7236035284862617753516121809420622602461602603850645283736687573057138780.78 2116145108140685268778756336.4729 7236035284862617753516121809420622602461602601734500175596002304278382444.3071
909469275457686.6884986 66810207717702467753063161645.59 -66810207717701558283787703958.9015014
147767955593152836403872774834368319776401869639418270137.8107476636 3693032592341610059288007942523941164.845 147767955593152836400179742242026709717113861696894328972.9657476636
6576760343430994.50989523 60982570223725698819039369042870187167561535802927539400498751.8852163462 -60982570223725698819039369042870187167561535796350779057067757.3753211162
2112598860763752965292630763204197706865892547861622927728549817742525216.8 115561227797826.0 2112598860763752965292630763204197706865892547861622927728434256514727390.8
15432050663930017528475530538687487005134578706314757590562812320867058768400691626939.888507 51964668720263518256410.200000000 15432050663930017528475530538687487005134578706314757590562812268902390048137173370529.688507000
6714992536706209059267625307767443355736153669146016547213687623270742125726957708869891257.48 118255006324957640790608557013577766807.0 6714992536706209059267625307767443355736153669146016428958681298313101335118400695292124450.48
60010679052834418099835750057157663.347751 85570185505596798382178923186161108973885135966265933833763399805200436302634274.2 -85570185505596798382178923186161108973885135906255254780928981705364686245476610.852249
23185550997563321037988782051147948292598096656280909451801645658351727532519407.20 646417133568155114573582748214328474319625803764537805.852844 23185550997563321037988781404730814724442982082698161237473171338725923767981601.347156
