663067151204097526871.601447 0.240544 159496824819238435503.802498467168
0.656 4350200727049499411973240438.160 2853731676944471614254445727.432960
0.00000030 1062795879502.52303544 318838.7638507569106320
0.0000000 1130406101859411130.3 0.00000000
175432972450311875380244619171718733372226140796901632804.527664049 0.213 37367223131916429455992103883576090208284167989740047787.364392442437
0.0000000000 11217218.4 0.00000000000
0.0001202745 0.00000000 0.000000000000000000
0.0000000000 4175883744452923275087199306.1883444 0.00000000000000000
372316639140695013403657314210727684641919514306267991133321673738223493787.28 16054056674600602824992537.0051956 5977192425661538830191132561583798599703414488625113377804222223738014708732003356237908043206179513.681191968
0.00000000 0.0000000000 0.000000000000000000
0.000 0.0001 0.0000000
0.0000000 2665498541.84 0.000000000
0.000000 846096848991373326.94747322 0.00000000000000
0.000 93623429537973746948377871591758.262394 0.000000000
0.00071346 320898295985833096567438527011862368270370930010663.57 228948098254052481077004691481883325266178843725.4080306522
145074.698158853 11859533315.768 1720518216089903.683873694104
4512121536363282223.717097876 0.0000000 0.0000000000000000
25907240247167758190980325.6148693 135307327311756290443.033624304 3505439435867833796477385212191922896489418062.8105932522634672
0.00000 0.00000 0.0000000000
0.00 0.0000000000 0.000000000000
0.000000000 0.0000000 0.0000000000000000
7559007403247666382659882958367057.1 65585310805087870181321307415633577842489.6 495759849919958377448830963995790844245779912372261459163643451077725289356.16
16285485727278887062423065.8786174294 984.52498 16033467509939531739554327685.684507107686412
215606686083602722951996316826328754262.6733538946 0.0000 0.00000000000000
0.0 0.000000 0.0000000
8760607173827.2112399 3063630.1 26839259832012976553.61596099
271380254138557289358274835503024115922070217436497.4442321 0.00000 0.000000000000
0.0000 223058911361532733379436748560334150236.3667869842 0.00000000000000
0.0 0.0000000000 0.00000000000
68913966376067743073531056606380.08620969 0.00126 86831597633845356272649131324.0389086242094
56571488535026683272651606267957686834911.6382 737102885803476456078024567488083753380071843451379019978.636963461 41699007453366450915434577846442834105094225795435014491735920373391533299958829393713098148550427.4122970518102
17295686.01988 0.0000000 0.000000000000
0.0000000 9815055851438632103957460568308695196112.47 0.000000000
0.0000 0.0000000000 0.00000000000000
0.0000000000 10964237858789335205460295743605091869698.476941567 0.0000000000000000000
0.00 0.000 0.00000
0.0000000 0.00000000 0.000000000000000
0.000 0.000000000 0.000000000000
0.040372 9.63300 0.38890347600
44900136807017210227402164687421863180284562781690962035171458.7175 0.000000000 0.0000000000000
488818738444029.0675 1.4 684346233821640.69450
0.000 0.0000 0.0000000
0.0000 1368669491575.4073 0.00000000
0.0 0.0 0.00
55955.2370 0.0958095 5361.04327935150
27904184510981358746013647261634085776865.10 0.0 0.000
49146.3049 2192589135377923397371158906152623630131450238245365430144710999579955156.854271989 107757654167710800016046834068127326861385080487984370441811617907740248067087.3760389234461
10768532006503177560783666199706611913095799142335009438994534.66196456 0.00 0.0000000000
4580.0 5634411.77928673 25805605949.133223400
8804812445891921890975977201800786.40272700 0.000000 0.00000000000000
16268174898422458477260135799566722224295026432112976507316345045491525.3015 0.000143618 2336402742561636641587146183262173512408803106127201460027758842743.4018807508270
58271744119616221868543748075730036213269185834024994752317828.2 0.00000000 0.000000000
47044096190838.48897 0.00000000 0.0000000000000
976.234705 431774633502229580111.2521142396 421513381963532210982182.0749253222053180
70040877508239606099287408769128361100257670585155.285401 3008823493575.5945185824 210740637757441773075046070225675568797203006764843400848704027.4973354699355424
0.00000 22313.1751490274 0.000000000000000
81594177.5961306091 4391.55479 358325301458.398061858722589
0.0000000000 0.0000000 0.00000000000000000
0.0000000 0.000 0.0000000000
201145028488458151210.582394851 17269823597936749372490.5497789 3473739159597634301139666890357212544456184.2447063905484439
13.928860017 25939.441520 361306.849851237705840
683301603376908553753751237184229140994658537153850470859.9 0.000000 0.0000000
735719957104718406233672477319998604216.832032729 326012937610503088727412150436200034567321536702831637.892395 239854224474382570425028435119626192525054693986037583427574916059421918948386280885229866671.040469220195955
36318974289801173842095079266414069227147113766999345337.246805935 0.0000000 0.0000000000000000
0.000000 0.000000000 0.000000000000000
0.00000 0.0 0.000000
17468420698668728365598.40 0.0000000000 0.000000000000
0.0 69899011602682643936.7848664 0.00000000
0.000000 0.00 0.00000000
0.00000 0.0 0.000000
1397625.76700 905657813085419972519802138484032868.7 1265770695653052725610107386486986655370047.792900
8082771487.7918783 1143359418396.581038857 9241512907314189991687.0719892213151031
39107046956147112092013787841432776118115547472321.472 0.000 0.000000
63.417 582917002.71 36966847560.86007
297940.928507728 2376802055.0 708146611145775.9937810400
527225538509253332926248453250003541682.812 0.000000000 0.000000000000
142557224704444379358780.0117 0.000000 0.0000000000
0.000128 67456228315208638723668970696094472587298687841609752202186978112292315121716361144652709.3559947336 8634397224346705756629628249100092491174232043726048281879933198373416335579694226515.5467975673259008
0.0000000 0.0 0.00000000
167734.3693639 0.0000 0.00000000000
0.000000 234895432873.96 0.00000000
0.0000003 0.000000 0.0000000000000
0.060046202 8265067138915622426599271243813806518326250.382911 496285890966889525183310014158835076588334.732394851254022
1217718865127596818843.0142516 0.000000 0.0000000000000
12743800572784.0597072 0.00000 0.000000000000
475052661545178618291967135878869720512468124651538048931924391024263629979.6549481 10454.050346280 4966224440927610174419590978976877813858374217570873544771379764133981324870821.5995397204280680
0.00000000 8143050842353294056151592288693748863423930535.56745 0.0000000000000
0.000 0.0 0.0000
1698241840256582713136913321.594 0.00 0.00000
42348.12 76122594353835010486872390794425988607087876608181442825076108.40 3223648760407527484299330430049247096651590249148460722529462047656.2080
60236520994333393541492539634101608213749391.3934914 0.0 0.00000000
0.000000567 0.0001 0.0000000000567
0.0000 357501574346329187.2481797 0.00000000000
3982684459716822732.404416483 284421352539547105388780444053.1700698 1132760500770894130611889004705303685504932695737.8279982293805134
41639569958795237021236622561140535753443722.660 0.000 0.000000
915272458426317.8046359 461937.4 422798579737061338247.21559266
0.00 42346407927847718548760961314279028850316817781708.0 0.000
16.7133 0.00000 0.000000000
0.00 0.00000 0.0000000
0.0000 0.00000 0.000000000
