0.524608 5886
0.819084 6893
0.764215 9418
0.919743 8402
0.678162 8437
0.857374 9588
1.473562 9577
0.499345 6015
1.163692 8120
0.822637 5562
0.734610 8892
0.853821 7333
0.609083 7313
0.656451 7912
1.223297 8651
1.032637 8171
0.701452 8561
0.601583 6949
1.041717 8881
0.559740 6689
0.776847 7656
0.814347 9042
0.693951 8943
1.019216 7628
0.833295 9645
0.642241 7302
0.865663 7754
1.313692 8901
0.619346 7101
0.686846 7388
0.933559 7941
0.772110 9104
0.448424 5266
1.030664 6856
0.607899 5854
0.849479 9077
1.163296 8060
1.081980 8366
0.843163 9297
1.114349 8474
0.618951 7956
0.814741 5646
0.557372 6816
1.218560 7936
1.014479 7308
1.218560 8683
0.869611 6063
1.299482 8586
1.209875 8265
0.612635 7424
0.267633 3228
0.218290 2745
0.321712 3960
0.234870 3014
0.260528 3576
0.231317 3037
0.291318 3360
0.233291 2530
0.355266 2404
0.252239 3245
0.358423 3966
0.318950 3772
0.280660 3647
0.589740 3800
0.356449 3742
0.301186 3519
0.304738 3374
0.261712 3099
0.197369 2548
0.319344 2759
0.311449 3513
0.196186 2206
0.200132 2558
0.540003 3933
0.439739 3211
0.154737 1863
0.498161 3557
0.266844 2869
0.196975 2365
0.553820 3521
0.075000 871
0.061579 740
0.081317 945
0.025263 307
0.052105 742
0.060000 874
0.053685 613
0.043422 490
0.057237 795
0.043026 511
0.043816 541
0.066711 506
0.081316 931
0.050922 612
0.072237 917
0.043421 552
0.062763 735
0.047763 571
0.078553 974
0.027631 366
