1.203560 6870
1.360271 8572
1.591589 9936
1.198823 6931
1.370535 7956
1.409219 9358
1.473167 5218
1.297903 6862
2.073960 7354
1.695011 8219
2.290672 9700
2.004485 7123
0.415266 2237
0.893295 4755
0.668688 3920
1.056322 5614
1.158954 7342
1.032638 5742
1.024349 4214
0.825005 5228
2.111855 7616
1.806327 9059
2.165934 8711
1.675668 9149
1.037769 6452
0.845926 5522
1.848959 8881
1.507509 7643
1.487772 5268
2.542121 8349
1.646457 7034
2.964886 9788
1.198823 5684
1.936196 7380
3.034360 9595
1.375666 8476
1.608563 7848
1.586457 5346
1.185007 6839
1.904222 6405
2.298567 8768
0.724347 3850
0.935532 6273
1.201191 4216
0.506845 2726
1.080402 4001
1.157376 5662
1.274613 6356
0.972242 5316
2.530278 8847
1.301850 6623
1.635405 8905
1.911722 6144
0.623293 3006
1.288034 7372
1.634615 9317
1.399350 8928
1.434482 8260
1.396588 6597
0.648557 3292
1.652379 8306
0.821453 4942
1.240271 6207
0.946190 5246
1.726984 5629
1.224086 3859
1.305008 5800
1.747510 9105
1.325535 7447
2.962123 8457
2.144223 7749
1.148692 4915
1.052770 5590
1.567905 8320
1.885669 6654
1.550931 9652
1.102901 6783
1.784616 6287
2.198698 8138
1.001453 5428
0.092763 517
0.241581 855
0.142501 815
0.105001 551
0.154343 976
0.165790 940
0.147632 784
0.044606 261
0.102633 658
0.269607 877
0.143290 913
0.109342 559
0.138948 753
0.119606 623
0.115659 623
0.146448 752
0.105790 700
0.181580 947
0.099474 629
0.103817 609
