1.702905 6870
1.149876 8572
1.342509 9936
1.029875 6931
1.158560 7956
1.521325 9358
0.741715 5218
1.950801 6862
1.072901 7354
1.460930 8219
2.699622 9700
1.207507 7123
0.359212 2237
1.273429 4755
0.639872 3920
0.906716 5614
1.688695 7342
1.421061 5742
0.593688 4214
0.994348 5228
0.989612 7616
2.577648 9059
2.367251 8711
1.328298 9149
0.869216 6452
0.721583 5522
1.480667 8881
1.398561 7643
0.802111 5268
1.948433 8349
1.212244 7034
1.464088 9788
0.983690 5684
1.604615 7380
1.708037 9595
1.169612 8476
1.090664 7848
1.323166 5346
0.933164 6839
0.983295 6405
1.524089 8768
0.617767 3850
1.369745 6273
1.139612 4216
0.480398 2726
0.535267 4001
1.030665 5662
1.104481 6356
1.380008 5316
2.412646 8847
1.145928 6623
1.457772 8905
1.374877 6144
0.483161 3006
1.056717 7372
1.327113 9317
1.455009 8928
1.226849 8260
1.078822 6597
0.946585 3292
1.427378 8306
0.684478 4942
1.811853 6207
0.828163 5246
1.455798 5629
0.735794 3859
0.915400 5800
1.539878 9105
1.100139 7447
1.518957 8457
1.117507 7749
0.813162 4915
1.583694 5590
1.333824 8320
1.599878 6654
1.297507 9652
0.890137 6783
1.585667 6287
1.761326 8138
0.827768 5428
0.078948 517
0.112896 855
0.121579 815
0.090001 551
0.131053 976
0.232107 940
0.127896 784
0.037895 261
0.142106 658
0.137369 877
0.121975 913
0.163028 559
0.126317 753
0.103817 623
0.099869 623
0.127895 752
0.099475 700
0.161448 947
0.083685 629
0.089606 609
