27.738325 3713
75.424799 4578
120.200464 7637
63.277093 4976
23.865540 3532
14.991012 3038
62.546432 4027
46.799099 2981
14.881669 6625
18.521559 6984
7.988338 2099
31.560586 3049
67.645278 8744
3.814365 1301
89.976071 8212
34.286654 5877
58.893909 3425
58.994962 3993
172.301701 8796
25.139363 4312
24.311990 8594
156.011996 7908
29.993076 7204
39.538266 2289
106.682620 8647
45.930672 5687
78.332054 6206
18.014714 3825
125.034046 6368
65.652240 5184
110.764223 6218
23.612116 1674
177.708444 8880
27.168717 2796
129.129860 6426
49.642801 2501
21.595789 2595
103.891813 7070
99.155337 6354
28.230960 6725
147.224707 7859
82.344182 6169
37.641543 2517
89.919228 5891
103.528258 7759
67.283697 3339
14.748642 5696
26.752267 5033
9.498216 3941
18.089320 4897
31.914667 2674
36.986671 4253
62.765906 7344
99.979158 6699
126.144842 7126
75.642300 6198
31.835719 2871
4.575422 422
133.257649 7260
17.303789 6328
26.207527 4812
27.077138 7299
24.099225 5232
1.981197 971
99.045599 7368
1.834353 2220
62.440641 7267
21.693684 1149
74.656241 5088
80.796410 7334
108.611315 8225
34.702315 6089
87.960533 5674
121.042444 6493
5.989773 2120
53.368350 7049
12.527839 7338
10.806776 6567
14.273771 1315
91.123578 6312
6.597277 4955
149.407615 8605
60.140496 3557
20.860389 4445
3.612653 5400
35.386793 2514
47.279891 3652
49.839775 9456
47.783974 6293
63.101434 3808
14.788510 1596
87.765926 5905
30.546106 4969
1.038954 321
28.095959 7328
0.502503 52
2.204619 154
6.296880 2653
4.661080 252
1.775537 1354
