3739.110526 11497
1862.604694 11067
6731.541007 14481
11400.903874 17787
1453.914195 7812
1000.073421 5924
3110.233299 9963
3242.300019 12023
5374.204896 14089
6292.663219 14163
5613.895689 13151
12687.986270 19365
3111.115936 10376
2917.420947 11487
3342.523126 10667
6500.451976 13583
5262.165666 12297
637.620701 4414
7829.357388 15605
3417.671607 12488
5700.575688 13331
8436.000928 15970
5208.251787 13731
7750.581648 14908
1084.305248 6049
1441.236750 6162
3412.737762 11056
4601.638642 12729
7989.528753 15615
1444.134135 7254
777.253388 5018
2993.408249 11953
12541.719200 18334
3064.216178 10379
2949.180087 10742
2591.139368 9597
5750.783360 13682
3706.227169 11047
1080.317986 8964
1994.546677 8136
1814.639536 7664
2041.373014 8431
7154.583041 14604
10239.726714 16795
1983.813323 8396
10103.973524 18143
1336.673485 8445
884.535617 5518
7965.667161 15732
1454.156565 7677
618.078346 4200
60.751947 2164
128.337619 3194
479.714351 4041
849.764617 5068
284.123825 3626
306.291985 3408
451.792077 4156
315.747569 3379
159.137937 3097
31.202557 1079
67.398961 1566
544.796192 4233
293.264406 3218
233.763389 3173
127.653141 2290
708.688368 4571
338.160468 3304
245.132668 3662
94.584256 1835
69.515158 1649
295.884291 3073
335.913218 3217
60.329971 1692
46.598177 2427
323.526300 3679
115.286356 1959
202.162934 3118
61.939323 1330
164.806787 2681
14.223244 829
622.025739 4475
446.487571 3800
678.059762 4382
585.148410 4413
128.258671 2676
35.332714 1474
186.631919 2418
755.534047 4775
43.700002 2125
456.038681 3807
81.367598 2335
263.754886 3580
319.979963 3228
752.370211 4960
140.826773 3097
21.079075 1599
465.581502 4127
145.237589 2453
343.373789 3331
