0.657636 5886
0.784742 6893
1.000664 9418
0.931190 8402
1.511457 8437
1.094611 9588
1.101717 9577
0.793426 6015
0.884610 8120
1.063428 5562
0.959611 8892
0.835663 7333
0.815926 7313
0.854611 7912
1.635009 8651
0.952506 8171
1.564351 8561
0.978954 6949
1.823301 8881
0.731847 6689
0.828558 7656
1.060270 9042
1.208297 8943
1.370929 7628
1.774747 9645
0.831716 7302
0.849479 7754
1.034217 8901
1.091454 7101
0.840399 7388
1.035401 7941
0.996322 9104
0.574345 5266
0.758689 6856
1.147901 5854
1.068954 9077
1.526851 8060
0.915795 8366
1.775538 9297
1.500404 8474
1.438035 7956
0.639083 5646
0.721978 6816
0.936321 7936
0.794610 7308
1.597904 8683
0.684083 6063
1.021190 8586
0.960796 8265
0.815531 7424
0.348555 3228
0.279475 2745
0.421582 3960
0.308686 3014
0.610662 3576
0.518292 3037
0.576319 3360
0.289344 2530
0.267238 2404
0.329213 3245
0.770531 3966
0.458687 3772
0.363950 3647
0.723162 3800
0.466976 3742
0.386845 3519
0.361581 3374
0.348949 3099
0.256186 2548
0.386055 2759
0.486713 3513
0.251449 2206
0.258555 2558
0.703425 3933
0.637504 3211
0.350528 1863
0.388423 3557
0.498556 2869
0.256186 2365
0.404213 3521
0.110132 871
0.133027 740
0.105000 945
0.033158 307
0.070264 742
0.081316 874
0.070658 613
0.049737 490
0.076974 795
0.056448 511
0.057237 541
0.055263 506
0.104211 931
0.066711 612
0.112896 917
0.057237 552
0.081316 735
0.062369 571
0.149212 974
0.036316 366
