4087.624609 11497
2152.782636 11067
6257.936429 14481
9738.342759 17787
1141.637568 7812
791.364921 5924
2583.189319 9963
3061.282871 12023
5296.989560 14089
6226.708609 14163
5087.166317 13151
12108.495262 19365
3003.504101 10376
2739.812767 11487
3107.401045 10667
5606.676698 13583
4315.391119 12297
488.725063 4414
7308.887396 15605
3323.099587 12488
5360.422576 13331
7619.008746 15970
4712.544181 13731
6805.158295 14908
776.977466 6049
1052.028605 6162
3373.115811 11056
4799.317733 12729
7461.724505 15615
1452.996427 7254
737.868282 5018
2742.886997 11953
10525.363574 18334
2910.777091 10379
2933.382623 10742
2613.597267 9597
5741.798701 13682
3690.516943 11047
1007.063859 8964
1916.673707 8136
1749.910592 7664
1993.532198 8431
6041.996306 14604
8943.088866 16795
2033.068884 8396
9969.046524 18143
1296.018897 8445
774.629952 5518
7459.732651 15732
1698.011462 7677
568.496335 4200
48.603452 2164
121.233102 3194
691.439053 4041
820.339175 5068
269.457684 3626
320.176938 3408
447.040995 4156
342.672338 3379
160.262944 3097
35.262056 1079
66.110927 1566
678.076736 4233
378.526502 3218
232.587855 3173
137.596623 2290
622.374688 4571
355.012281 3304
252.052052 3662
89.455804 1835
59.860231 1649
258.644197 3073
336.107429 3217
71.402801 1692
44.140530 2427
295.210866 3679
107.366703 1959
211.073778 3118
48.922796 1330
159.241358 2681
8.348340 829
603.485232 4475
419.086747 3800
580.462856 4382
606.623014 4413
142.432178 2676
37.996414 1474
178.707134 2418
655.772390 4775
36.846933 2125
412.699866 3807
77.387048 2335
241.090143 3580
274.009816 3228
722.855954 4960
135.793454 3097
25.581076 1599
453.743273 4127
124.189699 2453
320.067201 3331
