79.268375 3713
211.693124 4578
333.138201 7637
181.008069 4976
74.128869 3532
45.679224 3038
163.955334 4027
138.492285 2981
39.469187 6625
52.375974 6984
21.921054 2099
82.883397 3049
191.565764 8744
9.652163 1301
247.853211 8212
101.783906 5877
163.274410 3425
163.249936 3993
476.850124 8796
72.357675 4312
64.570654 8594
452.369185 7908
82.935107 7204
102.265092 2289
295.122049 8647
120.802047 5687
216.889865 6206
54.319671 3825
368.673810 6368
194.796706 5184
315.072565 6218
71.518854 1674
517.814582 8880
77.511391 2796
370.372374 6426
140.722167 2501
120.461781 2595
464.533469 7070
331.028320 6354
77.322705 6725
409.359583 7859
250.423358 6169
107.102622 2517
249.569931 5891
289.006749 7759
178.188052 3339
44.788692 5696
78.236131 5033
26.250553 3941
51.755050 4897
99.839814 2674
103.548785 4253
165.736793 7344
275.122191 6699
372.087515 7126
220.970680 6198
86.867104 2871
14.311271 422
374.547925 7260
43.316709 6328
67.617252 4812
80.750226 7299
67.220933 5232
4.955162 971
275.449430 7368
4.312921 2220
176.039881 7267
64.044861 1149
216.747759 5088
236.588932 7334
315.332304 8225
97.984541 6089
245.652145 5674
340.104559 6493
17.412737 2120
149.837881 7049
35.795743 7338
32.566776 6567
40.828274 1315
258.026825 6312
22.743295 4955
432.668145 8605
162.027033 3557
59.366017 4445
12.712972 5400
99.852446 2514
131.914746 3652
142.972576 9456
141.959280 6293
190.585627 3808
46.587913 1596
243.069366 5905
93.212537 4969
2.737517 321
75.183218 7328
13.853374 52
6.893726 154
18.832614 2653
14.389429 252
4.865161 1354
