7233.860889 15202
7656.961345 15888
8340.762589 16176
7456.661185 15677
9825.871052 17402
7686.308628 15667
7434.716447 15592
7418.073057 15432
9699.844236 17371
7900.687162 15628
7348.340792 14903
9483.899771 17576
5410.155772 13323
6492.106795 14398
5223.747275 13269
4505.392927 12006
8757.632875 16769
6710.863777 14770
11238.734734 17765
9179.768194 16744
7260.072363 14154
6146.668125 14510
8788.205428 16541
8220.013832 16215
4915.960412 12412
5323.467485 13171
7237.543017 15171
7585.673808 15501
11582.214314 18471
8105.904983 16256
10688.334824 18381
7440.375034 15061
8792.430717 16761
7677.389100 16049
5702.255303 13449
10719.334090 18049
6519.065510 14385
7377.800181 15763
10017.393395 17510
8756.049181 14826
4653.889879 11334
13044.877508 16988
9933.105911 16871
8263.445015 15806
6104.056024 13601
9804.562633 17584
7625.906026 15912
8713.368397 16699
4120.160990 11460
11729.529811 19391
