13.761004 99067
11.705992 85127
8.190839 60081
14.199954 88736
4.871872 30014
9.512426 67070
7.244254 47606
6.073063 29737
4.302657 30797
17.202736 93953
11.201909 76180
11.158883 60456
16.943392 93679
13.303501 86041
10.529274 52702
10.184273 74188
11.812176 65477
15.532199 71990
10.398221 78475
5.496349 41401
12.879551 91525
12.109811 77763
11.159673 84407
15.244040 85942
13.548635 66626
13.709294 82217
11.075593 59409
12.492313 78315
15.139828 94018
14.418245 82749
16.245493 86887
3.163835 22849
14.892722 82497
21.548420 94740
23.819355 95314
6.784778 48701
13.017710 77626
14.453377 89458
8.769527 66694
15.884307 88272
14.161665 90398
4.746739 33230
13.243501 70559
7.743600 53929
6.969121 36744
12.278364 70147
5.604113 34992
4.545422 25996
19.238011 95037
4.531211 27781
