3213.264580 23334
28998.462096 70867
32984.179641 58105
28395.588315 86695
39315.826912 69800
5399.880315 17781
14017.801160 44184
6954.363013 21313
13847.202760 34528
18672.356964 73574
10267.381750 89747
1690.352731 4384
1535.858111 8622
1804.766318 15939
18870.704349 82319
16836.822697 30806
29119.381776 54152
35624.848914 88886
4657.798587 33102
1103.633653 16766
15588.455930 45867
22433.323018 49808
23425.453496 75023
21977.446179 65166
24721.804763 45032
7904.147446 22814
11616.934392 29037
33203.197151 65261
46062.506957 83424
8515.161540 74322
25957.925929 58797
32577.814550 51457
15762.021981 37734
5927.806537 10544
1544.390401 10786
391.048025 651
17332.432012 55848
36252.104947 70767
35209.149029 78722
5316.269414 25317
17669.195498 42506
3360.038495 20007
14247.010837 56151
16445.532302 79991
2179.600429 19101
16382.248103 33526
15263.754491 82355
31639.766503 67105
38329.083044 82038
5928.146012 10819
