6710.857855 15202
7462.650958 15888
7630.731713 16176
7174.301845 15677
9210.268114 17402
7341.160486 15667
7343.470500 15592
7638.273995 15432
8863.283646 17371
7674.674874 15628
7325.389075 14903
9266.056216 17576
5171.755382 13323
6316.204677 14398
5134.174627 13269
4416.968182 12006
8491.178762 16769
6534.624551 14770
9232.280748 17765
8458.988173 16744
6050.848728 14154
5731.056267 14510
8106.383802 16541
8335.364925 16215
4704.970320 12412
5128.838938 13171
7001.780669 15171
7335.925060 15501
10209.934166 18471
8021.407104 16256
10342.231018 18381
6917.837398 15061
8670.847876 16761
7678.049104 16049
5343.451552 13449
9650.537358 18049
5888.121033 14385
7103.797865 15763
9166.334033 17510
6792.621772 14826
3879.270980 11334
8931.872351 16988
8684.636512 16871
7564.608549 15806
5509.498216 13601
9712.274969 17584
7263.565411 15912
8354.376355 16699
3841.336935 11460
11466.813483 19391
