1069.177655 23334
10053.568088 70867
11573.358338 58105
9844.685507 86695
13636.520168 69800
1843.998266 17781
4946.609940 44184
2458.101588 21313
4864.954972 34528
6592.247400 73574
3486.605314 89747
582.543526 4384
519.587750 8622
620.155069 15939
6747.967291 82319
6042.514600 30806
10230.343763 54152
12671.294721 88886
1642.675337 33102
395.494762 16766
5484.774118 45867
8055.491651 49808
8381.047701 75023
7558.631013 65166
8652.500002 45032
2792.021373 22814
4090.527127 29037
11551.779524 65261
16225.862683 83424
2927.198639 74322
8191.674713 58797
10508.517288 51457
5429.767206 37734
2067.017248 10544
537.171804 10786
127.492482 651
6042.249730 55848
12543.606448 70767
12350.113171 78722
1838.530339 25317
6155.016860 42506
1158.395827 20007
5036.660617 56151
5783.591322 79991
783.044213 19101
5653.820800 33526
5287.414372 82355
11041.312618 67105
14995.324314 82038
2085.358412 10819
