7.297939 49981
8.572947 89427
8.318735 74837
6.204116 52233
11.959809 86538
15.643121 92706
4.048051 38978
13.635872 76839
12.912315 98728
3.460284 17226
7.802810 74721
6.137010 59220
11.691781 65783
10.929145 82572
8.139523 76185
5.796746 63094
10.440063 90762
11.974020 91335
8.330577 61868
5.481348 51990
9.755585 71272
9.923349 92112
10.796512 67783
9.716901 71251
6.395565 58903
4.276605 22895
8.987423 55486
11.060593 88275
9.525847 98074
7.603467 58881
11.147831 80914
5.875299 33767
5.995300 56263
6.156747 37716
11.573360 98904
6.643856 35141
9.504136 81173
9.217161 49009
14.186138 88755
8.267418 74589
8.620315 81401
12.883499 91029
10.329141 87799
7.862811 58965
10.681249 56319
7.121096 58809
6.838857 42330
12.551918 82622
10.198877 96805
8.021891 81661
