5.330558 49981
8.646763 89427
8.229523 74837
7.039385 52233
12.649024 86538
13.794163 92706
4.012919 38978
10.221772 76839
17.746686 98728
2.213697 17226
7.995838 74721
9.455584 59220
15.793912 65783
14.027058 82572
8.168339 76185
8.377156 63094
17.638528 90762
11.666123 91335
6.190695 61868
5.845693 51990
11.232700 71272
10.121114 92112
7.838337 67783
11.851650 71251
6.582277 58903
2.672779 22895
11.888756 55486
13.322449 88275
9.757954 98074
6.812805 58881
12.390075 80914
3.401468 33767
6.047405 56263
4.288053 37716
11.242568 98904
3.992787 35141
13.867189 81173
5.941220 49009
9.980586 88755
12.183627 74589
8.671632 81401
14.599825 91029
10.018087 87799
6.954516 58965
6.362802 56319
6.224643 58809
4.249368 42330
16.198519 82622
11.478227 96805
8.177813 81661
