14.965748 99067
20.360650 85127
7.552545 60081
13.948900 88736
7.029516 30014
9.628085 67070
7.110438 47606
6.698725 29737
4.387131 30797
15.022986 93953
18.850772 76180
14.446272 60456
16.577074 93679
13.318502 86041
9.905981 52702
9.469005 74188
10.517827 65477
11.631781 71990
11.113883 78475
6.300433 41401
12.934420 91525
10.348484 77763
13.175211 84407
19.245906 85942
12.251127 66626
12.912710 82217
9.927297 59409
11.092567 78315
18.985378 94018
13.233633 82749
12.083757 86887
3.168177 22849
13.188632 82497
20.935390 94740
22.176450 95314
9.817954 48701
13.380871 77626
18.749324 89458
11.656650 66694
13.215080 88272
12.106653 90398
4.579765 33230
13.283765 70559
13.104159 53929
5.616349 36744
12.470997 70147
6.052932 34992
5.887930 25996
16.679311 95037
6.960832 27781
